enter the interval: 